function icohex=get_icosahedron()

icohex(1,:)=[0.126707424954303,0.117263631627300,-0.117263797242442,...
    -0.126704218871686,0.00184705661065436,0.00287608363567569,...
    -0.00287557030568992,-0.00184765046202914,0.243711842263980,...
    -0.244228187261100,0.244226700843846,-0.243713315792812];


icohex(2,:)=[0.000267791182775206,0.000245278221555544,-0.000244370132385497,...
    -0.000268228279940394,0.244021928002727,-0.244009318838182,0.244009421778285...
    ,-0.244022072328684,0.122523295719511,0.121495105966223,...
    -0.121495109241509,-0.122523722050375];

icohex(3,:)=[0.241611583925671,-0.246329142721278,0.246331159898885,...
    -0.241609738202419,0.121984600921992,0.121982682531726,-0.121984553117734,...
    -0.121986593973990,-0.00471983461673672,0.00471983519437758,...
    -0.00471983481558833,0.00471983497509362];

end